1.181210994720459
0.6879180669784546
0.6764929890632629
0.6413698196411133
0.5760928988456726
0.514025092124939
0.45197343826293945
0.40118247270584106
0.43561404943466187
0.32299086451530457
0.2994476556777954
0.30868902802467346
0.23843632638454437
0.23882336914539337
0.22571060061454773
0.205489382147789
0.20766569674015045
0.20959946513175964
0.21130798757076263
0.20113196969032288
0.21593913435935974
0.19817832112312317
0.21161514520645142
0.2189292162656784
0.2684832811355591
0.20477062463760376
0.25371867418289185
0.20277895033359528
0.2210853099822998
0.20590338110923767
0.2069104164838791
0.20022456347942352
0.20372378826141357
0.25695738196372986
0.19819188117980957
0.1996644139289856
0.32192665338516235
0.19977408647537231
0.21900056302547455
0.19991330802440643
0.20045094192028046
0.188960462808609
0.24519798159599304
0.18531472980976105
0.22340142726898193
0.24394948780536652
0.20766544342041016
0.1845719814300537
0.18960976600646973
0.18940623104572296
0.19518445432186127
0.18107305467128754
0.18679769337177277
0.1799783706665039
0.1838264763355255
0.1805645376443863
0.19735509157180786
0.19498945772647858
0.2619360089302063
0.3197382986545563
0.24276886880397797
0.18937073647975922
0.18998539447784424
0.18922987580299377
0.2744681239128113
0.2738257348537445
0.18713335692882538
0.17777520418167114
0.26190635561943054
0.2052905261516571
0.24214620888233185
0.1923329085111618
0.18732255697250366
0.1744074672460556
0.19009558856487274
0.24156467616558075
0.29518452286720276
0.1864606887102127
0.19323283433914185
0.23067079484462738
0.2011738121509552
0.19096727669239044
0.22317080199718475
0.17691507935523987
0.2434535175561905
0.24605299532413483
0.19305016100406647
0.18817108869552612
0.17749761044979095
0.19273637235164642
0.17249423265457153
0.18840157985687256
0.1787017434835434
0.17603911459445953
0.17754104733467102
0.17538131773471832
0.1800539493560791
0.17841747403144836
0.30507931113243103
0.1855463832616806
0.18002216517925262
0.1858668029308319
0.18205121159553528
0.17215664684772491
0.18179720640182495
0.19198277592658997
0.1870826780796051
0.19036726653575897
0.2228376716375351
0.1870397925376892
0.16626062989234924
0.2376243621110916
0.1733044683933258
0.1830604523420334
0.22544357180595398
0.24745605885982513
0.1980152130126953
0.17984707653522491
0.24903854727745056
0.19727934896945953
0.17762787640094757
0.1894216388463974
0.1859641969203949
0.18111571669578552
0.16905955970287323
0.21737425029277802
0.17857880890369415
0.1747247725725174
0.22782334685325623
0.18899714946746826
0.17029492557048798
0.18207848072052002
0.18346267938613892
0.1732361763715744
0.22158093750476837
0.28508684039115906
0.1699472963809967
0.2253917157649994
0.17857779562473297
0.17012766003608704
0.1791507601737976
0.16876690089702606
0.1853157877922058
0.1809159815311432
0.18615053594112396
0.24733737111091614
0.1853727102279663
0.17224864661693573
0.18599660694599152
0.1677151322364807
0.2529718577861786
0.18984903395175934
0.18358010053634644
0.19732587039470673
0.26115065813064575
0.18259157240390778
0.17095425724983215
0.16903626918792725
0.18936806917190552
0.17234724760055542
0.18497541546821594
0.1815059781074524
0.1720970720052719
0.17859217524528503
0.18910424411296844
0.18931791186332703
0.24480962753295898
0.18482576310634613
0.1776699274778366
0.18429318070411682
0.21996906399726868
0.17630425095558167
0.16854003071784973
0.21648970246315002
0.17363272607326508
0.2744530737400055
0.21732471883296967
0.21763472259044647
0.19091781973838806
0.26438677310943604
0.20996393263339996
0.17887122929096222
0.18216149508953094
0.16252820193767548
0.17986492812633514
0.19278459250926971
0.20302952826023102
0.17309680581092834
0.16896721720695496
0.22285710275173187
0.18300792574882507
0.17286990582942963
0.22780673205852509
0.19406673312187195
0.1801142394542694
0.17159396409988403
0.16964681446552277
0.18585996329784393
0.18848936259746552
0.18000151216983795
0.16741079092025757
0.17522256076335907
0.17369134724140167
0.17378254234790802
0.1849646270275116
0.17200398445129395
0.2398875653743744
0.1774330586194992
0.1755557358264923
0.20256422460079193
0.17515838146209717
0.18735367059707642
0.2174200564622879
0.17954346537590027
0.17801113426685333
0.17532408237457275
0.17583279311656952
0.1816502809524536
0.1757042109966278
0.17071254551410675
0.17457103729248047
0.19168256223201752
0.16519321501255035
0.17319418489933014
0.21249032020568848
0.17603538930416107
0.2302946299314499
0.22737564146518707
0.1588316410779953
0.17222070693969727
0.1762593686580658
0.16407689452171326
0.1785268485546112
0.18728579580783844
0.17448614537715912
0.1801852285861969
0.17596907913684845
0.17880666255950928
0.17775461077690125
0.24439099431037903
