2.4566452503204346
1.5233783721923828
1.4812129735946655
1.399863362312317
1.28340482711792
1.1411237716674805
1.0019819736480713
0.8955455422401428
0.8497249484062195
0.7298858761787415
0.636792778968811
0.5195006728172302
0.4569167494773865
0.38110798597335815
0.33154603838920593
0.29407137632369995
0.253095418214798
0.2352275252342224
0.23414526879787445
0.2344217598438263
0.22632314264774323
0.23034028708934784
0.22238554060459137
0.21874766051769257
0.33586934208869934
0.2189815491437912
0.2884598672389984
0.24537044763565063
0.2048715353012085
0.20052896440029144
0.16770799458026886
0.16034521162509918
0.1666165143251419
0.2262399047613144
0.15145210921764374
0.16667373478412628
0.4428022503852844
0.1743895709514618
0.15103304386138916
0.20928649604320526
0.19894444942474365
0.1684165745973587
0.21782153844833374
0.196809783577919
0.1689678132534027
0.23720331490039825
0.19302217662334442
0.18541215360164642
0.14698444306850433
0.18084277212619781
0.14136052131652832
0.1189519464969635
0.14520855247974396
0.13274899125099182
0.1520005166530609
0.12034887075424194
0.13226427137851715
0.12565211951732635
0.3202134370803833
0.42910444736480713
0.19535496830940247
0.2581133246421814
0.27367639541625977
0.268171101808548
0.22909939289093018
0.35492002964019775
0.22848106920719147
0.23332993686199188
0.23478633165359497
0.19212529063224792
0.15531592071056366
0.16378431022167206
0.16369299590587616
0.13640974462032318
0.15422996878623962
0.37102800607681274
0.4186549782752991
0.198159858584404
0.2014317661523819
0.2116948515176773
0.18164952099323273
0.15820366144180298
0.16135041415691376
0.1663067638874054
0.38213467597961426
0.22034983336925507
0.1620655655860901
0.16251330077648163
0.13480232656002045
0.11873303353786469
0.1243622899055481
0.11956381052732468
0.12048161029815674
0.10795611143112183
0.09360440075397491
0.09521140903234482
0.10284387320280075
0.10055657476186752
0.4239131510257721
0.09658437222242355
0.10461071878671646
0.12480845302343369
0.1389797478914261
0.13258995115756989
0.11953131854534149
0.09175581485033035
0.08382497727870941
0.1074981614947319
0.17484769225120544
0.0974530503153801
0.09636831283569336
0.1644095927476883
0.09053900837898254
0.10925140231847763
0.19193129241466522
0.2764517366886139
0.12943986058235168
0.1315661370754242
0.2718314826488495
0.15599298477172852
0.15640169382095337
0.15408217906951904
0.17196528613567352
0.14382469654083252
0.11819372326135635
0.2074185460805893
0.10684581100940704
0.11294650286436081
0.2665255665779114
0.1216423436999321
0.12506087124347687
0.12986820936203003
0.10281673073768616
0.09993235021829605
0.12990409135818481
0.26318657398223877
0.11846394836902618
0.18977773189544678
0.10469744354486465
0.11807387322187424
0.1252390444278717
0.1103937178850174
0.0937272310256958
0.12121965736150742
0.1113276481628418
0.1924840658903122
0.10984507203102112
0.09492956846952438
0.0936959907412529
0.08480603992938995
0.2892146706581116
0.10102742165327072
0.08661910146474838
0.09656288474798203
0.33473366498947144
0.09274881333112717
0.10208088159561157
0.10986163467168808
0.11428602039813995
0.11079823225736618
0.09274230897426605
0.08416443318128586
0.09444514662027359
0.0863155722618103
0.09530095756053925
0.0827721580862999
0.19257883727550507
0.06682951003313065
0.08454848825931549
0.08495616167783737
0.20091015100479126
0.09992458671331406
0.07983089983463287
0.14513061940670013
0.08382733911275864
0.3372049927711487
0.10063832998275757
0.19836410880088806
0.08152327686548233
0.2964910864830017
0.14742381870746613
0.10884439945220947
0.11495190858840942
0.1275622695684433
0.10849688947200775
0.1004486158490181
0.12126412987709045
0.07836999744176865
0.0970711037516594
0.1875048726797104
0.10995817184448242
0.07893840223550797
0.308893620967865
0.091078981757164
0.09230515360832214
0.12637221813201904
0.08750312030315399
0.09078352898359299
0.0950145572423935
0.09226175397634506
0.09420444071292877
0.09049521386623383
0.07641418278217316
0.07290578633546829
0.07972563058137894
0.06306911259889603
0.2494625449180603
0.06257907301187515
0.07247412949800491
0.17118890583515167
0.08878503739833832
0.07598911225795746
0.23109537363052368
0.07214304059743881
0.07883021980524063
0.07683177292346954
0.07692902535200119
0.11816725134849548
0.06978145986795425
0.07465461641550064
0.088233083486557
0.08295819163322449
0.08122371137142181
0.06552047282457352
0.1065489649772644
0.08534169942140579
0.24982236325740814
0.24652233719825745
0.07860369235277176
0.09847663342952728
0.06694529205560684
0.0791807472705841
0.07036939263343811
0.07574188709259033
0.09793466329574585
0.05683719366788864
0.07853688299655914
0.06746499985456467
0.06381623446941376
0.18485403060913086
