2.776736259460449
1.6822694540023804
1.653815746307373
1.5778299570083618
1.4602771997451782
1.3349043130874634
1.1900466680526733
1.0706645250320435
0.9593526124954224
0.8677476048469543
0.7844904065132141
0.6896145343780518
0.5993685126304626
0.5152916312217712
0.4396597146987915
0.3781450390815735
0.3162376880645752
0.2720966637134552
0.2327108085155487
0.20816123485565186
0.18808770179748535
0.18315288424491882
0.18609920144081116
0.18024374544620514
0.17912133038043976
0.1848314106464386
0.1786135733127594
0.1680240035057068
0.16217979788780212
0.1453799456357956
0.1421925276517868
0.13276979327201843
0.11415950208902359
0.12177830189466476
0.13484600186347961
0.10585062950849533
0.09194636344909668
0.11403540521860123
0.14470912516117096
0.14077037572860718
0.09259132295846939
0.0985707938671112
0.0982542410492897
0.07709155231714249
0.09201033413410187
0.0741087794303894
0.08290719985961914
0.07958221435546875
0.062056489288806915
0.07112719863653183
0.07961031794548035
0.06681279093027115
0.08080852776765823
0.07331166416406631
0.07411795854568481
0.06223161891102791
0.06637868285179138
0.06258267164230347
0.0637257918715477
0.05960496515035629
0.05241617187857628
0.052385468035936356
0.05368039757013321
0.06062176078557968
0.05065305158495903
0.05542290210723877
0.06715182960033417
0.07365301996469498
0.0782351940870285
0.06920171529054642
0.05153857171535492
0.052551381289958954
0.06793538480997086
0.05274901166558266
0.07375887781381607
0.07770917564630508
0.05836860463023186
0.10156063735485077
0.051527757197618484
0.08688673377037048
0.04859471693634987
0.09123112261295319
0.04970773309469223
0.08041249215602875
0.06143577769398689
0.05940718948841095
0.046988923102617264
0.05114208161830902
0.046870891004800797
0.06710255146026611
0.04896420240402222
0.07985559850931168
0.04630998522043228
0.060122299939394
0.05462343245744705
0.049895305186510086
0.04763152450323105
0.03965805098414421
0.046934764832258224
0.043154049664735794
0.053700026124715805
0.043489646166563034
0.048262909054756165
0.05647607520222664
0.04473733529448509
0.04219691827893257
0.046654488891363144
0.043903645128011703
0.04475129768252373
0.037573639303445816
0.04395030811429024
0.050423763692379
0.04528597369790077
0.04838988929986954
0.04576723650097847
0.050824616104364395
0.05116612836718559
0.04707823693752289
0.05105584114789963
0.048873886466026306
0.055181387811899185
0.05583079159259796
0.04482000693678856
0.041879113763570786
0.059193190187215805
0.05552385374903679
0.042174145579338074
0.056474458426237106
0.05721519887447357
0.04358389228582382
0.061041008681058884
0.05086739361286163
0.042180608958005905
0.05607603117823601
0.05201282352209091
0.041583795100450516
0.044873423874378204
0.04863450303673744
0.04710990563035011
0.04568852111697197
0.04195829853415489
0.04890523850917816
0.04866441339254379
0.05146591365337372
0.043810971081256866
0.038543183356523514
0.03346705436706543
0.04105040058493614
0.03824508190155029
0.039439890533685684
0.033759705722332
0.036574311554431915
0.04367363452911377
0.03750130161643028
0.04273664951324463
0.046909578144550323
0.04568583145737648
0.07989488542079926
0.036253321915864944
0.04606909304857254
0.04809451103210449
0.04270438849925995
0.04590478911995888
0.053550105541944504
0.05347120761871338
0.047836266458034515
0.0437602698802948
0.04714445769786835
0.042632292956113815
0.03731241449713707
0.03680790215730667
0.034168899059295654
0.04767593741416931
0.04594314470887184
0.04217289760708809
0.041432302445173264
0.03982499614357948
0.03810988739132881
0.034587956964969635
0.037717435508966446
0.03811364248394966
0.05103563889861107
0.02997495047748089
0.03855730965733528
0.03907940536737442
0.03419104218482971
0.03721420466899872
0.03664027899503708
0.047037046402692795
0.034207783639431
0.03274936601519585
0.03540364280343056
0.04421943053603172
0.0390070341527462
0.03818351775407791
0.035140037536621094
0.04615718498826027
0.05203891545534134
0.03664420172572136
0.031375378370285034
0.03532088175415993
0.04769479110836983
0.03771710768342018
0.035746630281209946
0.0422188900411129
0.04189265891909599
0.0320771299302578
0.037936531007289886
0.038157764822244644
0.03480413928627968
0.032852284610271454
0.02871016412973404
0.03418370336294174
0.03459684178233147
0.029822634533047676
0.032692477107048035
0.03412993997335434
0.03918313607573509
0.027627594769001007
0.03252536430954933
0.030177133157849312
0.0328928641974926
0.04665683954954147
0.06213313713669777
0.048408254981040955
0.03168546408414841
0.02874450385570526
0.03665466606616974
0.04406663402915001
0.0338112898170948
0.04078191518783569
0.032188549637794495
0.03435242548584938
0.0342913456261158
0.05155928432941437
0.03523966297507286
0.042831599712371826
0.03988203406333923
0.034042730927467346
0.03885461762547493
