1.2316854000091553
0.6836147308349609
0.6698665618896484
0.6399004459381104
0.5964478254318237
0.539194643497467
0.4725624918937683
0.42236465215682983
0.3707691729068756
0.32893502712249756
0.29674971103668213
0.2539733946323395
0.22769665718078613
0.20532996952533722
0.18734417855739594
0.18890614807605743
0.16588646173477173
0.15840217471122742
0.14635643362998962
0.1465136855840683
0.14983898401260376
0.1484735608100891
0.15085339546203613
0.14537008106708527
0.14439839124679565
0.14307020604610443
0.15032152831554413
0.1411820948123932
0.14161062240600586
0.1429644376039505
0.14165480434894562
0.13536682724952698
0.1355525553226471
0.13654528558254242
0.13624948263168335
0.13377659022808075
0.13444390892982483
0.13262277841567993
0.13850973546504974
0.13279752433300018
0.1291888952255249
0.13382519781589508
0.13006918132305145
0.13041242957115173
0.13198257982730865
0.12338768690824509
0.12765446305274963
0.1270400881767273
0.1310507208108902
0.12624415755271912
0.12316164374351501
0.1216844767332077
0.12693914771080017
0.12692749500274658
0.12231312692165375
0.12312788516283035
0.11905793845653534
0.12269201874732971
0.11520400643348694
0.11934910714626312
0.12075468897819519
0.11643417924642563
0.11973609030246735
0.1243877112865448
0.11695385724306107
0.1228174939751625
0.11668235063552856
0.11573075503110886
0.12338000535964966
0.12083812803030014
0.1250292956829071
0.1171220913529396
0.12052751332521439
0.11611295491456985
0.1243012472987175
0.12669354677200317
0.11710061877965927
0.11564194411039352
0.11879882961511612
0.12193619459867477
0.10905703902244568
0.11822622269392014
0.1223846971988678
0.11446446925401688
0.12915188074111938
0.11382709443569183
0.11447577178478241
0.11608580499887466
0.11192630231380463
0.11232512444257736
0.11951345950365067
0.12367521226406097
0.1172187328338623
0.11475159227848053
0.11637085676193237
0.1187966912984848
0.1119002252817154
0.10865990072488785
0.11044406145811081
0.11538198590278625
0.11554039269685745
0.12070416659116745
0.11425326764583588
0.11712967604398727
0.10920792073011398
0.1130572259426117
0.1151430755853653
0.11929145455360413
0.10785853862762451
0.11372348666191101
0.11549416929483414
0.11771296709775925
0.11553577333688736
0.12165306508541107
0.11537060886621475
0.1097637265920639
0.1088414266705513
0.10826601833105087
0.11690967530012131
0.11876346915960312
0.11351745575666428
0.10364866256713867
0.11317359656095505
0.11444135010242462
0.114116370677948
0.11490659415721893
0.10556736588478088
0.11799567937850952
0.10680640488862991
0.10936706513166428
0.11500406265258789
0.11366623640060425
0.11264055967330933
0.11352913081645966
0.1164390817284584
0.10983806848526001
0.11337119340896606
0.11248546838760376
0.10508877038955688
0.11037543416023254
0.11433767527341843
0.10984537750482559
0.10605057328939438
0.11617740988731384
0.1114124283194542
0.11701931804418564
0.10933414846658707
0.10436920076608658
0.11582375317811966
0.12384051084518433
0.10774961858987808
0.1096176877617836
0.11700025945901871
0.11169905215501785
0.10962291806936264
0.11216062307357788
0.11447319388389587
0.1362060159444809
0.10972285270690918
0.10648154467344284
0.11507280170917511
0.10995933413505554
0.11440866440534592
0.11534980684518814
0.1066109761595726
0.11340980231761932
0.11191882938146591
0.11771415919065475
0.11025764793157578
0.10872141271829605
0.10964041948318481
0.11306854337453842
0.10934785008430481
0.10251755267381668
0.11870700120925903
0.10290556401014328
0.11490263789892197
0.11144021898508072
0.11314501613378525
0.11079618334770203
0.11044061183929443
0.11533902585506439
0.10377158969640732
0.10606871545314789
0.11084318906068802
0.10650135576725006
0.11738035082817078
0.11221443861722946
0.10929206758737564
0.10134098678827286
0.11104808002710342
0.1131497398018837
0.1149258017539978
0.10880684852600098
0.10993602871894836
0.10956629365682602
0.10688376426696777
0.11853920668363571
0.10827243328094482
0.10015527904033661
0.11173153668642044
0.10694216936826706
0.10892171412706375
0.1159229576587677
0.10606035590171814
0.11151300370693207
0.11001961678266525
0.11772727221250534
0.11428871005773544
0.11930428445339203
0.10833491384983063
0.1121315211057663
0.10933509469032288
0.11125890165567398
0.11026459187269211
0.1116347536444664
0.1006927639245987
0.1176232174038887
0.11034722626209259
0.1108466312289238
0.10402392596006393
0.10507477819919586
0.11857713013887405
0.13207192718982697
0.09678065776824951
0.11347245424985886
0.10705487430095673
0.11480630934238434
0.11492903530597687
0.10806050896644592
0.11438284069299698
0.11069807410240173
0.10368829220533371
0.1123591884970665
0.10439865291118622
0.11657582968473434
0.11426718533039093
0.11161345988512039
0.1020175963640213
0.10933253914117813
