1.8430383205413818
0.8410888910293579
0.8825253844261169
0.8380802869796753
0.844670832157135
2.0959322452545166
0.8944206237792969
0.8891064524650574
0.8587486147880554
0.8549516201019287
0.9598819613456726
0.8914273381233215
0.8872795104980469
0.9123605489730835
1.7515989542007446
1.884883999824524
0.8526580929756165
0.8756213784217834
0.841529130935669
0.7966344356536865
0.8944026231765747
1.9943839311599731
0.8371294736862183
0.8788812756538391
0.8147457242012024
0.8316375017166138
0.8242634534835815
0.9425824880599976
0.8803346753120422
1.756263256072998
0.8699484467506409
0.8128018379211426
0.8399155139923096
0.8528178334236145
1.1479328870773315
0.8803513050079346
0.8332312703132629
0.8229937553405762
0.8235436677932739
0.8437134027481079
0.8803144097328186
1.8180330991744995
0.82579106092453
0.8086839914321899
1.3833339214324951
0.8965312838554382
0.8445699214935303
0.9287116527557373
0.8516348600387573
0.9732492566108704
1.8027452230453491
0.811007559299469
0.816973865032196
1.0159695148468018
0.8335468769073486
0.8529073596000671
0.8273932933807373
0.8024308681488037
0.8104903101921082
2.103175401687622
0.8058592081069946
1.8511236906051636
0.8171988725662231
1.0715878009796143
0.8481186628341675
0.8371496796607971
0.8470354080200195
0.7893392443656921
0.8408015966415405
0.8039903044700623
0.8258665204048157
1.1008613109588623
0.8128209114074707
0.8151260614395142
0.7787688970565796
0.8166888356208801
0.8479313850402832
0.8051100373268127
1.9489160776138306
2.0284860134124756
0.8280097842216492
0.795195996761322
0.7794438600540161
0.8125864863395691
1.9794408082962036
0.7954080104827881
0.8359190225601196
0.9428471922874451
0.7753204703330994
0.9545769095420837
0.7995585799217224
2.3451764583587646
0.8352224230766296
0.7758122682571411
0.8229148387908936
1.7308648824691772
0.8122606873512268
0.7539934515953064
0.8277307748794556
0.8066903948783875
2.0249621868133545
0.7600047588348389
0.7696035504341125
0.7783473134040833
0.7623896598815918
1.8350701332092285
0.799898087978363
0.771461546421051
1.4036113023757935
0.7867752313613892
0.7859058380126953
0.7623755931854248
0.7831954956054688
0.8852946758270264
0.765519380569458
0.7444736957550049
0.7981241941452026
0.7898670434951782
1.545406460762024
0.7882905602455139
0.7958084344863892
0.7962930798530579
0.8233468532562256
0.7750836610794067
0.7504914999008179
0.7454240322113037
0.7732856273651123
0.7864224910736084
0.7733736038208008
0.7575191855430603
0.9977158904075623
0.7361900806427002
0.7883123159408569
0.7762707471847534
0.7610468864440918
0.8207592368125916
0.7774235010147095
0.7716237902641296
0.7938199043273926
1.1314529180526733
0.7919778823852539
0.7824993133544922
0.7934713363647461
0.7930803894996643
0.8026562929153442
0.7941725254058838
0.7454379796981812
0.8115081787109375
2.281313180923462
0.7283634543418884
0.7762089371681213
0.7788513898849487
0.8065654635429382
0.7689788937568665
1.778729796409607
0.7761677503585815
0.8327845335006714
0.783806562423706
1.9420969486236572
0.8148397207260132
0.7996708750724792
0.7606331706047058
1.996363639831543
0.7717586755752563
0.836737871170044
0.7609368562698364
1.2746092081069946
0.7599930167198181
0.8022811412811279
0.7847110629081726
0.7452523708343506
0.764613687992096
0.7690035700798035
1.3771108388900757
0.7614302039146423
1.7499221563339233
0.7400395274162292
2.199253797531128
0.7911734580993652
1.0534191131591797
0.7918725609779358
0.7958033680915833
0.7749503254890442
1.0871561765670776
0.7453703284263611
0.7816526293754578
0.7784410119056702
0.7796538472175598
0.7550239562988281
0.7612752914428711
1.487404704093933
0.8019988536834717
0.7909277677536011
1.8199286460876465
1.7005598545074463
0.8354262113571167
1.1577068567276
0.7613380551338196
1.697454571723938
0.750834047794342
0.7962638139724731
1.5141631364822388
0.7503833770751953
0.7806525230407715
0.8137239813804626
1.5030304193496704
0.7580077052116394
0.7472968697547913
0.815356433391571
0.7753523588180542
0.7663425803184509
0.7563356757164001
0.7733384370803833
0.7575504183769226
0.7520118951797485
0.7646918892860413
0.811260998249054
0.9060807824134827
0.7727349400520325
0.7773210406303406
2.540464162826538
0.8643215298652649
0.7626002430915833
0.7564446926116943
0.7317989468574524
0.7446283102035522
0.8046528100967407
0.7861399054527283
0.7691198587417603
0.766127347946167
0.7981143593788147
1.8148102760314941
1.7679860591888428
2.1174638271331787
0.7540549039840698
0.8107991814613342
0.7472496628761292
0.7170883417129517
0.7528499960899353
0.8203585743904114
0.7925819754600525
0.764257550239563
0.7648916840553284
0.7547039985656738
0.7786198854446411
0.762212336063385
0.7792423367500305
1.1222769021987915
1.1975493431091309
0.7431313991546631
0.7432068586349487
0.8008899092674255
1.6467047929763794
0.7973241209983826
0.8081626296043396
0.7879625558853149
0.7288987636566162
0.7369353175163269
0.7960451245307922
0.938949704170227
0.7688366174697876
0.7664842009544373
1.7107974290847778
0.7549269199371338
0.7742961049079895
0.7386387586593628
0.7739978432655334
0.8240380883216858
0.7260505557060242
0.832442581653595
2.137538433074951
0.8017303943634033
0.7932546734809875
0.9265226721763611
0.7849968075752258
0.7384055852890015
0.7441706657409668
0.7640055418014526
0.8212369680404663
2.313476085662842
0.7581461071968079
0.7489387392997742
0.7487218976020813
0.767224133014679
1.5732450485229492
1.0723789930343628
0.822043776512146
0.7326604127883911
1.1066871881484985
0.775766909122467
0.8147621750831604
0.7626704573631287
0.7515937089920044
0.7626926898956299
0.7417404055595398
0.7609723806381226
0.7597488760948181
0.7335776090621948
0.9050971269607544
0.750419020652771
0.7555083632469177
0.7550115585327148
0.7858585715293884
1.7268117666244507
0.7516599297523499
0.7346060872077942
0.7784357666969299
0.7415896058082581
0.7719020247459412
0.7439753413200378
2.281649351119995
0.7619711756706238
0.7789731025695801
0.7960617542266846
0.7475953698158264
1.666182279586792
1.689284324645996
0.758228600025177
0.7797843813896179
0.7830069065093994
0.7724685072898865
0.7552925944328308
0.760175883769989
0.7016612887382507
0.7590686082839966
0.7823880910873413
0.803462564945221
0.7485014200210571
0.9737921953201294
0.7830945253372192
0.7489504218101501
0.8245184421539307
2.2088332176208496
0.7725231647491455
0.7442178130149841
0.815083384513855
0.7580664753913879
0.7340972423553467
0.7552871108055115
0.7325299978256226
0.7207891345024109
0.7476963996887207
0.7436009049415588
0.794105052947998
0.760150134563446
0.7730298042297363
0.7276844382286072
0.7533413767814636
0.9539026618003845
0.7466253638267517
0.7535198330879211
0.7554897665977478
2.4204699993133545
0.8192017674446106
0.7726032733917236
0.7862996459007263
1.0103893280029297
1.6946260929107666
0.7456145882606506
0.8125582933425903
0.7850494980812073
1.0682687759399414
0.8825294375419617
0.7244394421577454
0.752174973487854
2.613957166671753
0.7588946223258972
0.7793700098991394
2.0515408515930176
2.282921552658081
2.0562148094177246
0.7714746594429016
0.759100079536438
0.8077646493911743
0.7498040795326233
0.7195040583610535
0.7950282692909241
0.7935749292373657
0.8237001895904541
0.812963604927063
2.0084006786346436
0.7563822269439697
0.7537493705749512
1.7017674446105957
0.7356284260749817
0.7658267021179199
1.9877210855484009
1.066074252128601
0.7561176419258118
0.7584340572357178
0.7755209803581238
0.9736441373825073
0.7546265721321106
2.088148832321167
1.4786944389343262
0.7662026286125183
0.7079784274101257
0.7582800388336182
0.7479301691055298
2.087667226791382
0.7943124175071716
0.7344710826873779
0.779599130153656
0.7638295292854309
0.7647087574005127
0.7800994515419006
0.7289640307426453
0.8023776412010193
0.7760376930236816
0.777533233165741
0.7342796921730042
0.742329478263855
1.3865346908569336
0.8113484382629395
1.6798863410949707
0.7325261235237122
0.7633301615715027
0.7535501718521118
0.74234539270401
1.8015393018722534
0.7873167395591736
0.8668919205665588
0.7595036625862122
0.8012306690216064
0.7693006992340088
0.761184573173523
0.7762020230293274
0.7642775774002075
1.8477988243103027
1.8241156339645386
1.2386219501495361
0.8030384182929993
0.7798556089401245
0.7658588290214539
1.028096318244934
0.7584828734397888
0.7521669864654541
0.7526946067810059
0.8891783952713013
0.7509781122207642
0.7637494206428528
0.7675376534461975
0.7583685517311096
0.7374241352081299
0.756498396396637
1.7739344835281372
0.7506296038627625
0.7783150672912598
0.8139112591743469
1.804746150970459
0.7628161907196045
0.7407910227775574
0.7537125945091248
0.7074401378631592
0.7858160734176636
0.7532380819320679
0.7524538636207581
0.7662880420684814
0.7703379988670349
0.7652032375335693
0.7710169553756714
0.7386319637298584
0.7257341146469116
0.8131447434425354
0.7751971483230591
0.7387842535972595
1.0192214250564575
0.722295880317688
0.7656240463256836
0.7616280317306519
0.7823862433433533
1.7716317176818848
0.7395082712173462
0.7623171210289001
0.7481970191001892
0.7733492851257324
0.7662140727043152
0.8383663892745972
0.796653687953949
0.7355279326438904
1.2707831859588623
0.9079576134681702
0.756976306438446
0.7438267469406128
0.7687891125679016
1.0032284259796143
1.944284200668335
0.772942304611206
0.770031750202179
0.7317275404930115
0.7707065343856812
0.7471437454223633
1.3479331731796265
0.7609170079231262
0.9222469329833984
0.7544006109237671
0.7281426191329956
0.7760565876960754
0.7271193265914917
0.780739426612854
0.7445470094680786
0.7324332594871521
0.7679903507232666
0.7159496545791626
0.7936686873435974
0.833675742149353
0.7660645246505737
0.7734726071357727
0.7775874733924866
0.9719607830047607
0.7638293504714966
0.7201429605484009
0.7752646207809448
0.7823643088340759
0.869215726852417
1.9956668615341187
0.741213858127594
0.762357771396637
2.0982677936553955
2.3237931728363037
0.7557920813560486
0.7648492455482483
0.7467435598373413
1.7254301309585571
0.7524095177650452
1.0960208177566528
0.8453748822212219
0.7884979248046875
0.8514038920402527
0.7641368508338928
0.8424736261367798
0.7491622567176819
1.0994316339492798
0.7851656079292297
0.7456480264663696
0.8087073564529419
1.700646996498108
0.7838850021362305
0.7787257432937622
2.1101572513580322
0.8166400790214539
0.7045517563819885
0.7393598556518555
0.8548827171325684
0.7802842855453491
0.7618557810783386
0.7170866131782532
0.7699787616729736
0.7947880625724792
1.7774943113327026
0.7248986959457397
0.7656187415122986
0.759955644607544
0.7523331046104431
0.8058838248252869
0.7435389161109924
0.7385339736938477
0.771765410900116
2.698692798614502
0.7624935507774353
0.7943565249443054
0.7188038229942322
1.064754843711853
2.3698906898498535
0.7404088973999023
0.7800654768943787
0.754147469997406
0.818386435508728
0.7325616478919983
0.7835199236869812
0.7639279961585999
0.749530553817749
0.7681159973144531
0.7727777361869812
0.7861159443855286
0.7241297960281372
0.7448528409004211
0.9084396362304688
0.8081135749816895
0.7564767003059387
0.7597455978393555
1.6982717514038086
0.794437050819397
1.7939813137054443
0.7254387736320496
0.7505198121070862
0.8403297066688538
0.7311665415763855
1.949224591255188
0.7479625344276428
0.7479409575462341
0.7628129124641418
0.750214695930481
1.8700867891311646
0.7798333168029785
0.7755430936813354
0.7467262148857117
0.7365012764930725
0.7357643842697144
0.7615461945533752
0.733252227306366
0.7318875789642334
0.7617042660713196
0.7456157803535461
0.7427155375480652
1.172231912612915
0.7184097170829773
0.7389675974845886
0.8394745588302612
0.7656784653663635
1.0434679985046387
0.7521434426307678
0.7183377146720886
1.7502152919769287
1.3080517053604126
0.765261709690094
0.7528964877128601
0.7486817836761475
0.8061395883560181
0.7603248357772827
0.7527008056640625
0.7948872447013855
0.8519745469093323
0.7407713532447815
0.7785783410072327
0.7957118153572083
1.7256720066070557
1.5808134078979492
0.7388424873352051
1.387173056602478
0.7699269652366638
1.9848889112472534
0.7547269463539124
0.743852436542511
0.7624137997627258
0.8251584768295288
0.7473775744438171
0.744584321975708
0.7941905856132507
0.7656347751617432
1.753027319908142
0.7841849327087402
0.743890643119812
1.7023556232452393
0.7998828291893005
0.7599059343338013
0.7874635457992554
0.764546811580658
0.8753528594970703
1.8481451272964478
0.7608718872070312
0.7781018018722534
0.7569069862365723
0.7283101081848145
0.7867406606674194
0.7629320621490479
0.7823083996772766
0.7311719059944153
0.7748330235481262
0.7484586834907532
0.7818199396133423
0.7492361664772034
0.7617196440696716
0.7867107391357422
1.8075333833694458
0.7362686395645142
0.748252272605896
0.7561279535293579
0.738560676574707
0.7216949462890625
2.3337299823760986
0.7868461012840271
0.7500109076499939
1.361635446548462
1.353674054145813
2.983431100845337
1.3109976053237915
1.4817990064620972
0.7717896103858948
0.75139981508255
0.7353367209434509
0.7789850831031799
0.7432669401168823
0.743067741394043
0.7906650900840759
0.7552120685577393
0.7839874029159546
0.7268096208572388
0.7547913789749146
0.877412736415863
0.8119560480117798
1.883991003036499
2.079176187515259
0.7702004909515381
0.7429268956184387
0.7400254607200623
0.7786879539489746
0.7141166925430298
0.707021951675415
1.8731447458267212
0.7506786584854126
0.7974485158920288
1.240469217300415
0.7734984755516052
1.0369997024536133
1.1250941753387451
0.7598437666893005
0.7443856596946716
0.737666130065918
0.7513344883918762
0.7619922161102295
0.7720568776130676
3.25105881690979
0.7426023483276367
0.7662906646728516
0.7825053334236145
0.7910746335983276
0.7587792277336121
0.7646270990371704
0.7589300274848938
0.7705827951431274
0.8366982340812683
0.7293949723243713
0.7734118700027466
0.7567920088768005
0.7612055540084839
0.7345053553581238
0.7654340863227844
0.739299476146698
0.7455554604530334
0.7724751234054565
2.0810904502868652
0.7802622318267822
0.7530278563499451
0.7563670873641968
0.7660674452781677
0.7720874547958374
0.7526485919952393
2.1751677989959717
0.7293452620506287
1.0907822847366333
0.7330208420753479
0.7419683337211609
0.8405315279960632
0.9166245460510254
0.7515339851379395
0.7840990424156189
0.7305252552032471
0.7527205944061279
0.7929713129997253
0.7513847947120667
0.7940930128097534
0.8597778081893921
2.358567953109741
0.7347720265388489
0.7485924363136292
1.8194403648376465
0.7637374997138977
0.7823734283447266
0.8079002499580383
1.9477514028549194
0.7531936764717102
0.7596473693847656
0.7217459678649902
0.7588915228843689
0.9796450734138489
0.746053159236908
0.7477790117263794
0.7645282745361328
0.7294607162475586
0.7320008277893066
0.7446343302726746
1.7046178579330444
0.7638034224510193
0.7248339056968689
0.7359347343444824
0.7584102153778076
0.7787086367607117
1.7162916660308838
1.0337296724319458
1.0147733688354492
0.7330313920974731
0.7756927609443665
0.8093478679656982
0.7608605027198792
0.7454899549484253
0.7184991240501404
1.844270944595337
1.782328724861145
0.7982421517372131
0.7843037247657776
0.7993626594543457
0.717603325843811
0.7229050993919373
0.7228639721870422
0.7352817058563232
0.833785355091095
0.8181443214416504
0.7847095727920532
0.762577474117279
0.7773402333259583
0.7728912234306335
0.811621904373169
0.7602885961532593
0.7958535552024841
0.778843343257904
0.7751178741455078
0.7223489284515381
1.5213122367858887
0.7488222122192383
0.7413842082023621
0.7262741327285767
0.7417858242988586
0.7437077164649963
0.7394423484802246
0.7939000725746155
0.7290425896644592
0.7459292411804199
0.7900074124336243
0.7754007577896118
0.7306536436080933
0.7927035689353943
0.7536324262619019
1.1649421453475952
1.0173349380493164
1.4616270065307617
0.6944454908370972
0.7693263292312622
1.6938111782073975
3.0517961978912354
0.7519758343696594
0.7240774035453796
0.7469174861907959
0.7603422999382019
0.7612177729606628
1.085338830947876
0.773391842842102
1.0492064952850342
2.879676103591919
0.793652355670929
0.8056694865226746
0.7682091593742371
1.106711506843567
1.985957145690918
0.7506791353225708
0.7842457294464111
1.6900137662887573
0.7350324392318726
0.7809363007545471
0.7452401518821716
0.7200210094451904
0.7318106889724731
0.7459222078323364
0.7566234469413757
0.7282558083534241
0.8441681265830994
1.0310555696487427
0.7691241502761841
0.8471874594688416
0.760100781917572
1.769268274307251
0.7559463381767273
0.7317672371864319
0.7803043127059937
0.8709138631820679
0.7506293654441833
0.7492689490318298
0.7312003970146179
0.7645190954208374
0.7545264959335327
0.7763221263885498
0.8016518354415894
0.7738712430000305
0.7584465146064758
0.8117929100990295
0.7622600197792053
0.7534302473068237
0.7887488603591919
0.7709653973579407
0.7233514785766602
0.7838810682296753
0.9734421372413635
0.713282585144043
0.704179048538208
2.2450647354125977
0.8410799503326416
0.7855080962181091
0.7178774476051331
1.70542573928833
0.8168150186538696
0.7361815571784973
0.7187389135360718
0.7202764749526978
0.9227193593978882
0.7641462087631226
0.7679925560951233
1.1878694295883179
0.7759252786636353
0.746307909488678
0.7463575601577759
2.07763671875
0.7332990169525146
0.7843783497810364
0.7161016464233398
0.7396427392959595
0.7652236223220825
0.7223225831985474
1.9512745141983032
0.7489444613456726
0.717675507068634
0.7520393133163452
0.7547661662101746
0.7320933938026428
0.7195016145706177
0.7391248941421509
0.7377794981002808
0.9416412115097046
0.7704952955245972
1.554329514503479
0.7396897077560425
0.7406102418899536
0.7597386240959167
0.770561695098877
0.8149716854095459
0.7359470725059509
0.7344462871551514
1.742345929145813
0.7261906862258911
0.7508946061134338
0.7493857741355896
0.7714086174964905
0.7295094132423401
0.738717794418335
0.7163041830062866
0.8168416619300842
1.7096056938171387
0.7309412956237793
1.6730877161026
0.7624109387397766
0.8499907851219177
0.7402880191802979
0.7609388828277588
