0.46404406428337097
0.261478990316391
0.2546982765197754
0.2827425003051758
0.2519083023071289
0.5921723246574402
0.25397080183029175
0.2823665738105774
0.24835383892059326
0.27876487374305725
0.26888716220855713
0.2614670991897583
0.2773333191871643
0.3303213119506836
0.6109040975570679
0.5295783281326294
0.2815285325050354
0.312046080827713
0.25981685519218445
0.26197612285614014
0.27244308590888977
0.45584532618522644
0.33912214636802673
0.25926950573921204
0.29417964816093445
0.2518564760684967
0.26193559169769287
0.2766247093677521
0.24508722126483917
0.46832308173179626
0.2971656620502472
0.24553269147872925
0.2304408997297287
0.2215244472026825
0.3028985857963562
0.2547408938407898
0.2558367848396301
0.29459628462791443
0.24209906160831451
0.26370975375175476
0.24833181500434875
0.7493844032287598
0.30267342925071716
0.2510716915130615
0.3859749734401703
0.3332843482494354
0.23914693295955658
0.24790526926517487
0.25762659311294556
0.38509076833724976
0.7958723902702332
0.25499793887138367
0.24018001556396484
0.42410552501678467
0.23060189187526703
0.23966918885707855
0.24952295422554016
0.24284249544143677
0.2497718334197998
0.5288101434707642
0.27260491251945496
0.5396180152893066
0.23229534924030304
0.34401193261146545
0.27167433500289917
0.2520769536495209
0.23695136606693268
0.24388659000396729
0.25789010524749756
0.25880032777786255
0.2647113800048828
0.40699028968811035
0.2548219859600067
0.2576272189617157
0.25313934683799744
0.27825307846069336
0.21501533687114716
0.2182174026966095
0.5527346134185791
0.48737069964408875
0.2241818755865097
0.2554585039615631
0.22030270099639893
0.2157718688249588
0.5922492742538452
0.18512383103370667
0.20567288994789124
0.36807459592819214
0.25264954566955566
0.3179682195186615
0.19637246429920197
0.5187890529632568
0.20809708535671234
0.18050803244113922
0.21464316546916962
0.8582287430763245
0.23083698749542236
0.2606581747531891
0.2749425768852234
0.21108078956604004
0.49565958976745605
0.1920342743396759
0.2542859613895416
0.20633982121944427
0.1901896744966507
0.8196946382522583
0.16634871065616608
0.2029893547296524
0.7755224108695984
0.24698272347450256
0.17879422008991241
0.19319160282611847
0.18031418323516846
0.19539761543273926
0.17507320642471313
0.1601271778345108
0.21321538090705872
0.2058764547109604
0.8152580261230469
0.18270958960056305
0.2011142075061798
0.27452850341796875
0.3465251922607422
0.19973988831043243
0.22397029399871826
0.166094571352005
0.16340982913970947
0.17498929798603058
0.2725120782852173
0.23664814233779907
0.40938296914100647
0.2477814108133316
0.14943985641002655
0.1933349370956421
0.17953620851039886
0.2055066078901291
0.22767721116542816
0.21762137115001678
0.18428272008895874
0.47446128726005554
0.26174989342689514
0.29967638850212097
0.14329861104488373
0.18196360766887665
0.3511136472225189
0.1236560195684433
0.2169453203678131
0.13785967230796814
0.6714779734611511
0.24081768095493317
0.14579778909683228
0.18741457164287567
0.1784023940563202
0.27827027440071106
0.7069655060768127
0.16249270737171173
0.2008276730775833
0.14172741770744324
0.5735971331596375
0.16415561735630035
0.20823417603969574
0.15214529633522034
0.4824041724205017
0.13791796565055847
0.18600110709667206
0.15241238474845886
0.5374820232391357
0.16263242065906525
0.19283132255077362
0.20963869988918304
0.10745660960674286
0.1548943817615509
0.16503073275089264
0.576869010925293
0.14632603526115417
0.7210580706596375
0.192836731672287
0.5769761800765991
0.1654873788356781
0.4720279574394226
0.3144184947013855
0.25355058908462524
0.1711781620979309
0.46876081824302673
0.16535551846027374
0.18370606005191803
0.21870660781860352
0.22953085601329803
0.1878071427345276
0.17731189727783203
0.6553459167480469
0.16068193316459656
0.16765588521957397
1.8386189937591553
0.5567148923873901
0.18036077916622162
0.5071191191673279
0.1537594348192215
1.6618335247039795
0.2961116135120392
0.23381346464157104
1.045056700706482
0.18637634813785553
0.17141130566596985
0.28283849358558655
0.6321014761924744
0.165509894490242
0.22750286757946014
0.28988879919052124
0.2230772227048874
0.19173458218574524
0.14491815865039825
0.18270079791545868
0.26640957593917847
0.3663215935230255
0.23370186984539032
0.16281144320964813
0.35888874530792236
0.20162272453308105
0.15835990011692047
1.0420807600021362
0.1808069795370102
0.16935810446739197
0.15461456775665283
0.17862741649150848
0.3191665709018707
0.22260093688964844
0.29671674966812134
0.24596063792705536
0.19534504413604736
0.19283261895179749
0.6797457933425903
1.7333261966705322
0.5887343883514404
0.188971608877182
0.3385626971721649
0.1588626652956009
0.21944639086723328
0.18300186097621918
0.2736136317253113
0.23833903670310974
0.258401483297348
0.17927849292755127
0.3195715844631195
0.5512913465499878
0.18756423890590668
0.14105266332626343
0.46250322461128235
0.657170295715332
0.17203684151172638
0.19716264307498932
0.182455375790596
0.7670885920524597
0.35641226172447205
0.2947542071342468
0.23789438605308533
0.1974722146987915
0.17964544892311096
0.5895631909370422
0.3054821491241455
0.17988331615924835
0.1788415014743805
0.7668814659118652
0.18263551592826843
0.18015442788600922
0.1865084171295166
0.20431388914585114
0.260509729385376
0.16673989593982697
0.19571837782859802
0.6490749716758728
0.2492971569299698
0.16283737123012543
0.26654261350631714
0.1544334590435028
0.1740044802427292
0.24233049154281616
0.15322653949260712
0.1592032015323639
0.6944688558578491
0.20705880224704742
0.18145951628684998
0.2846527099609375
0.22639520466327667
0.6313140988349915
0.3560364842414856
0.27048930525779724
0.17913687229156494
0.45099273324012756
0.35654667019844055
0.27692124247550964
0.24487175047397614
0.17904545366764069
0.17836332321166992
0.19218093156814575
0.146951362490654
0.1692947894334793
0.18141870200634003
0.18568262457847595
0.1507270783185959
0.15334941446781158
0.2395896464586258
0.14876848459243774
0.7723695039749146
0.14188505709171295
0.15912894904613495
0.25623053312301636
0.15980784595012665
0.22726085782051086
0.16018199920654297
0.8191697597503662
0.18803322315216064
0.16310544312000275
0.2945879399776459
0.1424572467803955
0.6547476649284363
1.6705869436264038
0.1542336791753769
0.21871989965438843
0.18311581015586853
0.15339551866054535
0.410460501909256
0.16611050069332123
0.17401127517223358
0.22395049035549164
0.2014600783586502
0.23469552397727966
0.1830414980649948
0.3836897611618042
0.17662815749645233
0.1828908920288086
0.26342058181762695
0.6937612295150757
0.16426663100719452
0.1349375694990158
0.27675971388816833
0.18338489532470703
0.20558331906795502
0.19106267392635345
0.2647846043109894
0.15084294974803925
0.17333635687828064
0.15769819915294647
0.1378660351037979
0.14357544481754303
0.2110317200422287
0.16231897473335266
0.14596027135849
0.36994320154190063
0.19987855851650238
0.2193853259086609
0.40249884128570557
1.5048229694366455
0.2044287919998169
0.17870856821537018
0.15096169710159302
0.4075413644313812
0.7697119116783142
0.209867924451828
0.3278769552707672
0.18890263140201569
0.4953187108039856
0.34982630610466003
0.24999788403511047
0.16426503658294678
1.5700856447219849
0.20206476747989655
0.22249692678451538
0.6994025707244873
0.7899572253227234
0.6800809502601624
0.35325825214385986
0.4290362596511841
0.19850435853004456
0.2470845729112625
0.21262326836585999
0.2777571380138397
0.24950143694877625
0.2353033423423767
0.20029756426811218
0.6425147652626038
0.16863533854484558
0.1832217276096344
0.6140953302383423
0.19877077639102936
0.17614024877548218
0.6125766038894653
0.444863498210907
0.22547176480293274
0.1798815280199051
0.21422921121120453
0.323482871055603
0.16382601857185364
0.5865201950073242
0.5790092349052429
0.2928331196308136
0.1909290999174118
0.1990283727645874
0.19133558869361877
0.6060248017311096
0.19534379243850708
0.25452062487602234
0.29880866408348083
0.22229640185832977
0.2067035436630249
0.23525844514369965
0.1837591826915741
0.19056175649166107
0.2163020521402359
0.17855355143547058
0.2560637295246124
0.1745707094669342
0.6439122557640076
0.24704952538013458
0.8305717706680298
0.1596924066543579
0.174491286277771
0.20187607407569885
0.2130589634180069
0.6848548054695129
0.19231471419334412
0.24264873564243317
0.14008720219135284
0.24551621079444885
0.243857741355896
0.1941080093383789
0.1836123913526535
0.19668546319007874
0.6988704204559326
2.1485743522644043
0.525425910949707
0.21182341873645782
0.20337218046188354
0.28299352526664734
0.5067270398139954
0.3260287642478943
0.31212663650512695
0.1748153567314148
0.18993349373340607
0.2830554246902466
0.20084944367408752
0.17630647122859955
0.2086551934480667
0.2096608281135559
0.23712103068828583
0.8633319139480591
0.16200298070907593
0.19055449962615967
0.2718926668167114
0.6896345019340515
0.1892421841621399
0.18513405323028564
0.32432955503463745
0.24046097695827484
0.23416508734226227
0.16618365049362183
0.1993362009525299
0.2501101493835449
0.2897458076477051
0.18491698801517487
0.2959269881248474
0.19251474738121033
0.1687520146369934
0.18494813144207
0.2119978964328766
0.20976772904396057
0.41892391443252563
0.1780053973197937
0.1735493540763855
0.557081401348114
0.27441027760505676
0.6420491933822632
0.3987217843532562
0.2645297944545746
0.1597343236207962
0.2753695249557495
0.2217414677143097
0.2301645278930664
0.19104920327663422
0.1920304000377655
0.5584928393363953
0.5652826428413391
0.19217708706855774
0.19632576406002045
0.23192135989665985
0.5031458139419556
0.6496598720550537
0.1940903514623642
0.16740621626377106
0.2139621078968048
0.19113752245903015
0.17264233529567719
0.5764428973197937
0.15973615646362305
0.44981953501701355
0.2424706220626831
0.31748923659324646
0.19250813126564026
0.1661122888326645
0.307904452085495
0.1729811280965805
0.1694314181804657
0.2169761210680008
0.2278168797492981
0.2106054574251175
0.24771720170974731
0.16433802247047424
0.1872827708721161
0.23434050381183624
0.4103294312953949
0.22852599620819092
0.1299010068178177
0.2684217095375061
0.21067558228969574
0.48558101058006287
0.6707988381385803
0.1728949248790741
0.2508258819580078
0.8755399584770203
0.8207874894142151
0.26214277744293213
0.14820247888565063
0.20812945067882538
0.7560164928436279
0.2024453580379486
0.4118375778198242
0.17398716509342194
0.2654503285884857
0.30507856607437134
0.3712514340877533
0.22474920749664307
0.2060547024011612
0.44165173172950745
0.15714780986309052
0.18789532780647278
0.2536093592643738
0.6061731576919556
0.19806647300720215
0.22947920858860016
0.6310529112815857
0.3365015685558319
0.26029592752456665
0.19887176156044006
0.3501865863800049
0.220621719956398
0.2584379017353058
0.38545510172843933
0.2164456844329834
0.27609047293663025
1.0484751462936401
0.28179457783699036
0.21118095517158508
0.2072174996137619
0.17227770388126373
0.16054348647594452
0.1490323841571808
0.2494129091501236
0.18327045440673828
1.2765944004058838
0.24760696291923523
0.1659555435180664
0.228348970413208
0.3166009485721588
0.7059910893440247
0.4495777487754822
0.23449523746967316
0.1824207305908203
0.24199317395687103
0.22854496538639069
0.26704537868499756
0.23119041323661804
0.20543566346168518
0.3117806017398834
0.18615379929542542
0.3743651807308197
0.22726449370384216
0.2312593162059784
0.261694073677063
0.36321914196014404
0.25906407833099365
0.29079195857048035
0.64802485704422
0.23588307201862335
2.396188497543335
0.23050348460674286
0.23017746210098267
0.23372940719127655
0.19712671637535095
0.6800624132156372
0.259548157453537
0.15468734502792358
0.21365049481391907
0.20841830968856812
0.576790452003479
0.36807337403297424
0.279202938079834
0.235782653093338
0.46739688515663147
0.7350382804870605
0.17346809804439545
0.1737920492887497
0.3968465030193329
0.21573299169540405
0.19527097046375275
0.27024465799331665
0.5273117423057556
0.27315670251846313
0.17707499861717224
0.2528202533721924
0.26483553647994995
0.5133213400840759
0.22619131207466125
0.19502165913581848
0.7046710252761841
0.5608738660812378
0.18700085580348969
0.15715132653713226
0.15529344975948334
0.32601651549339294
0.21161215007305145
0.18204592168331146
0.23320892453193665
0.18253085017204285
0.24445262551307678
0.2652786374092102
0.2134745568037033
0.9647251963615417
1.0443059206008911
0.18099820613861084
0.6291563510894775
0.17681993544101715
0.6850083470344543
0.23221498727798462
0.23779967427253723
0.15283158421516418
0.26815056800842285
0.273061066865921
0.19328318536281586
0.20135118067264557
0.2916077673435211
0.7639539837837219
0.22503122687339783
0.22345568239688873
0.6476890444755554
0.24856474995613098
0.26295551657676697
0.22781632840633392
0.3205069601535797
0.32250839471817017
0.766770601272583
0.18449430167675018
0.22387881577014923
0.14953988790512085
0.3610744774341583
0.3165964186191559
0.26068049669265747
0.21820957958698273
0.2036978155374527
0.22833289206027985
0.2044461965560913
0.1911657601594925
0.19607359170913696
0.21172039210796356
0.24320945143699646
0.7873706817626953
0.40318048000335693
0.22846855223178864
0.6186433434486389
0.21715927124023438
0.1997278928756714
0.7302477359771729
0.19940735399723053
0.24001264572143555
0.6823874115943909
0.553662896156311
1.1105555295944214
0.5603358149528503
0.6517253518104553
0.16659921407699585
0.2059859037399292
0.23011407256126404
0.1713583767414093
0.26995107531547546
0.17565782368183136
0.3215603828430176
0.21264448761940002
0.18783925473690033
0.31717807054519653
0.2315218299627304
0.2906816899776459
0.2177034318447113
0.7265909910202026
0.7643768191337585
0.25051379203796387
0.23017576336860657
0.23317374289035797
0.19125276803970337
0.20259247720241547
0.22171655297279358
0.5824878215789795
0.22973299026489258
0.3169606029987335
0.5092256665229797
0.2697139084339142
0.4646965265274048
0.44473519921302795
0.26163068413734436
0.18480606377124786
0.17673052847385406
0.18442606925964355
0.17473185062408447
0.24125954508781433
1.2456858158111572
0.21166889369487762
0.38401809334754944
0.34808167815208435
0.270300954580307
0.28205594420433044
0.18036839365959167
0.27888041734695435
0.1784808188676834
0.3011181652545929
0.2848352789878845
0.23363442718982697
0.16691714525222778
0.2546677887439728
0.1950717717409134
0.24179986119270325
0.1827733963727951
0.2086053341627121
0.1820470243692398
0.637697160243988
0.25704482197761536
0.21506008505821228
0.19220365583896637
0.3279072940349579
0.19453249871730804
0.2711736857891083
0.6753840446472168
0.2994316816329956
0.47518372535705566
0.18280033767223358
0.22185347974300385
0.25630509853363037
0.3705064356327057
0.16971950232982635
0.17016009986400604
0.19621554017066956
0.23425716161727905
0.169571653008461
0.21243716776371002
0.2835809588432312
0.2830484211444855
1.0328495502471924
0.2187863290309906
0.27812325954437256
0.7203952074050903
0.2533620297908783
0.2734951674938202
0.3236638903617859
0.6274976134300232
0.299745112657547
0.29123616218566895
0.2554384768009186
0.1616477370262146
0.437491774559021
0.3688172996044159
0.3003942370414734
0.1724325269460678
0.1778864860534668
0.24685800075531006
0.26137298345565796
0.7249104976654053
0.2344455122947693
0.1598142832517624
0.15682850778102875
0.2624231278896332
0.19523699581623077
0.6725670695304871
0.42657309770584106
0.5114209651947021
0.22559180855751038
0.1965344101190567
0.2685692608356476
0.18169327080249786
0.23876862227916718
0.27622151374816895
2.6727395057678223
0.7621628642082214
0.21642272174358368
0.1912144124507904
0.2603181004524231
0.3584279417991638
0.1718868911266327
0.19604384899139404
0.19449466466903687
0.2196180671453476
0.253465861082077
0.32895004749298096
0.2535482347011566
0.21868960559368134
0.2382681518793106
0.29660800099372864
0.1431497037410736
0.2466736137866974
0.1971748024225235
0.20923268795013428
0.2574695646762848
0.6069498658180237
0.16374482214450836
0.40003710985183716
0.17989958822727203
0.5086928009986877
0.2486284375190735
0.1712486892938614
0.22209401428699493
0.1803145557641983
0.21051862835884094
0.18619561195373535
0.24238379299640656
0.22619979083538055
0.25896939635276794
0.18463373184204102
0.5469518899917603
0.4319041073322296
0.5685768723487854
0.21057793498039246
0.1744411140680313
0.6343159079551697
1.458339810371399
0.33670490980148315
0.4124406576156616
0.18695563077926636
0.21615412831306458
0.17799434065818787
0.4493997097015381
0.14776825904846191
0.30249252915382385
1.6647634506225586
0.18064577877521515
0.22239036858081818
0.29910796880722046
0.5650533437728882
0.6458495855331421
0.16750510036945343
0.2813904583454132
0.7439121603965759
0.29125747084617615
0.1953880786895752
0.24496141076087952
0.20791153609752655
0.25749635696411133
0.43790438771247864
0.3085600435733795
0.3090934157371521
0.2522357404232025
0.39177149534225464
0.1870931088924408
0.22953154146671295
0.2964152693748474
2.579228639602661
0.19900961220264435
0.23697176575660706
0.3316195011138916
0.3849901854991913
0.2866324782371521
0.19047293066978455
0.18875405192375183
0.2033076137304306
0.22011315822601318
0.18192845582962036
0.3187100291252136
0.23350456357002258
0.331454873085022
0.2138732373714447
0.25819268822669983
0.22667407989501953
0.24923627078533173
0.2804892957210541
0.2699674665927887
0.26942867040634155
0.4068405330181122
0.20923954248428345
0.314493864774704
0.7091509103775024
0.3332356810569763
0.5681371092796326
0.1576993763446808
0.996296763420105
0.2680748701095581
0.17811132967472076
0.17501766979694366
0.2010115385055542
0.2968597412109375
0.2178342640399933
0.24763159453868866
0.49424198269844055
0.22449982166290283
0.24062208831310272
0.2186593860387802
0.6402921080589294
0.29961901903152466
0.26056355237960815
0.24567607045173645
0.1477939933538437
0.21439921855926514
0.3613467514514923
0.7232819199562073
0.1977575123310089
0.17472167313098907
0.1847161054611206
0.3450382649898529
0.1900123953819275
0.28793516755104065
0.23179064691066742
0.7549211978912354
0.5147995948791504
0.6402994990348816
0.6927940845489502
0.21175920963287354
0.2401808202266693
0.2272605001926422
0.1700756698846817
0.24304470419883728
0.20253817737102509
0.30929431319236755
1.1824252605438232
0.19781889021396637
0.21200115978717804
0.2886520028114319
0.2360248565673828
0.2462768852710724
0.20810939371585846
0.17408010363578796
0.2420816272497177
0.6819866299629211
0.18383704125881195
2.1625711917877197
0.18397001922130585
0.33557191491127014
0.35515734553337097
0.3950274586677551
